%YAML:1.0
CM: !!opencv-matrix
   rows: 3
   cols: 3
   dt: d
   data: [ 5.1272800786173218e+02, 0., 3.0402678417923335e+02, 0.,
       5.1322033502224303e+02, 2.3550641596152414e+02, 0., 0., 1. ]
D: !!opencv-matrix
   rows: 1
   cols: 14
   dt: d
   data: [ 3.8134220053058208e+00, -3.5784279727113394e-01,
       -4.1090886759435315e-03, 3.6930223183723248e-03,
       -1.7443388462954950e+01, 3.9410018601767618e+00,
       -5.0494748506640530e-01, -1.7756267875534089e+01, 0., 0., 0., 0.,
       0., 0. ]
R: !!opencv-matrix
   rows: 28
   cols: 1
   dt: "3d"
   data: [ -4.6106481472787686e-01, 9.5556997356393322e-02,
       1.0245753059112439e-02, -2.8471056742049483e-01,
       -1.9856133401962309e-01, 1.6364279201896409e-01,
       -2.1600007910511271e-01, -6.2173374837431019e-04,
       1.8926072759176968e-01, -4.0994687729947132e-01,
       -3.1124320960115009e-01, 6.8702416096227709e-02,
       -4.1159337261595602e-01, -3.0538535893573721e-01,
       7.7253083631433878e-02, -4.1678203335349262e-01,
       -2.6788646329183541e-01, 8.2532531953508403e-02,
       -2.4229889828149490e-01, 5.9995741389759272e-02,
       3.9957315664973472e-02, -2.6398663377881576e-01,
       4.8983641274276762e-02, 2.9353136803594044e-02,
       1.0570423983849382e-01, 3.8728595577397851e-03,
       8.6200681775857296e-02, 1.0474503896510833e-01,
       5.0274124559376347e-02, 8.1934992681629862e-02,
       1.0474503896510828e-01, 5.0274124559376521e-02,
       8.1934992681629862e-02, -4.9211418974463417e-01,
       9.9733938017085424e-02, 2.2280589577246802e-03,
       -4.9211418974463395e-01, 9.9733938017085466e-02,
       2.2280589577246992e-03, -2.6054498580287480e-02,
       7.9018100227061808e-02, 1.4342538861937759e-01,
       -2.3395265712597701e-02, 8.8830119372692834e-02,
       1.5049454961052111e-01, -6.1394883397918065e-01,
       -1.0385415389989255e-01, 1.0346877583447549e-01,
       -5.5998601760712685e-01, -5.1886245386800145e-01,
       2.0534148887461329e-01, 2.1353182532670498e-01,
       -3.8016452011627386e-02, 2.0721884497791063e-01,
       -7.4121694287709627e-01, -4.3030204112817988e-01,
       1.5120021764109179e-01, 2.1395310102675857e-01,
       -2.9458398071156119e-02, 3.2916058661542213e-01,
       -1.8672689989616006e-01, -8.2830044718149906e-02,
       -3.6887651471903549e-01, 1.6335910506623186e-01,
       -7.8036047822393192e-02, -8.1538286033763882e-02,
       3.3981432291785169e-01, -1.0956308901420131e-01,
       2.7129474470766992e-02, -4.6195298062426332e-01,
       -2.6379451533850179e-01, 1.1770967654230420e-01,
       -3.5869258007944577e-01, 3.0856031319671928e-01,
       -2.4979524657381502e-01, -2.9816050027009822e-01,
       -2.1658493016480995e-01, 1.0370731688322674e-01,
       -6.7819839486939271e-01, -2.4502601950726538e-01,
       2.2656836478553016e-01, 2.5012144246840673e-02,
       -1.7508068393312737e-01, -8.1699109097383316e-02 ]
T: !!opencv-matrix
   rows: 28
   cols: 1
   dt: "3d"
   data: [ 3.4475689343941409e-03, 4.6900382687766910e-02,
       5.1819261332039512e-01, 8.5091033344766698e-02,
       -4.4718926858413055e-02, 4.2144180706980322e-01,
       9.2311963475374237e-02, -5.2505969699439173e-02,
       4.7334149333323533e-01, -1.6743173787553256e-01,
       -3.8434563842888701e-02, 3.9146923632527153e-01,
       -1.7294585454800071e-01, -4.0674049141361975e-02,
       3.9346342840367104e-01, -1.6673142951555051e-01,
       -4.2263513883985804e-02, 4.0087559622304220e-01,
       -1.1508575167417433e-01, -3.7538985736923304e-02,
       3.8957215536067918e-01, -1.0537320540962843e-01,
       -4.8792822424106173e-02, 3.7493040128554261e-01,
       -1.1649292543264350e-01, -1.2473265526855423e-01,
       3.2396259823691270e-01, -1.1942418334119806e-01,
       -1.1961864917238961e-01, 3.3561181589195238e-01,
       -1.1942418334119806e-01, -1.1961864917238961e-01,
       3.3561181589195238e-01, -1.1460621552222787e-01,
       -2.6859798988565647e-02, 3.6997100928332949e-01,
       -1.1460621552222787e-01, -2.6859798988565643e-02,
       3.6997100928332943e-01, -7.4571921916454800e-02,
       -1.2062469740605317e-01, 3.1310107302047757e-01,
       -7.3686587921474561e-02, -1.2203965370306313e-01,
       3.1527690500465483e-01, -1.4194432501067394e-01,
       -1.5183226088099622e-02, 3.3183035395650956e-01,
       -1.2205571670011491e-01, -6.5795762906637606e-02,
       3.2333769623824293e-01, -9.5346908793673080e-02,
       -1.2997640103152816e-01, 3.3033168999558038e-01,
       -9.9929530196896932e-02, -9.2506156688653529e-02,
       3.5311114250802123e-01, -7.0073685985472242e-02,
       -1.1662296852807558e-01, 3.6129288814113658e-01,
       -6.1548965475295828e-02, -2.5295447259874589e-02,
       3.5636911767832269e-01, -5.6904921104390514e-02,
       -9.8708597549884952e-02, 3.3794479698621382e-01,
       -6.8368705361191634e-02, -9.1719108511279651e-02,
       3.1414284996359887e-01, -9.2670397572533314e-02,
       -7.5794097531362750e-02, 3.9787170070590600e-01,
       -1.4938276252680164e-02, -5.0883510408718038e-02,
       3.6954300616143454e-01, -3.8380781347663234e-02,
       -5.4089504769753903e-02, 4.2350257888238135e-01,
       -6.5381438803019290e-02, -1.0377929359126558e-02,
       4.3091824633668901e-01, -8.1843444140546562e-02,
       -4.8937184275387534e-02, 3.2539570989976813e-01 ]
